19
0 21.6 6.1 23.7 9.9 13.1 0.9 8.7 8.2 4.1 16.7 12 2.8 9 6.6 9.4 23.3 1.1 3.5
21.6 0 13.3 9.4 14.2 8.6 21.1 12.7 15.6 16.9 24 10.6 16.8 13.8 13.6 12 8.9 21 17.7
6.1 13.3 0 10.9 3.1 8.6 6.6 4.4 7.5 3.6 15.9 7.4 3.4 6 0.9 4.8 12.1 6.7 5.8
23.7 9.4 10.9 0 12.7 3.3 21.9 10.6 13.6 13.5 17.3 4.8 13.3 10.2 13.3 9.8 2.1 21.8 17.2
9.9 14.2 3.1 12.7 0 9.9 9.2 6 9 6.5 17.5 10.1 6.4 7.4 2.7 6.4 12.4 9.1 8.7
13.1 8.6 8.6 3.3 9.9 0 13.2 5.5 9.4 10.2 15.6 1.6 10.1 5.5 7.3 4.9 4.3 15.9 10.6
0.9 21.1 6.6 21.9 9.2 13.2 0 8.4 8.6 4.5 17 15.1 3.2 9.4 7 9.7 18.7 1 4
8.7 12.7 4.4 10.6 6 5.5 8.4 0 3.6 6.6 12.9 4 6.3 1.9 4 0.9 11.2 8.8 5.9
8.2 15.6 7.5 13.6 9 9.4 8.6 3.6 0 7 10.5 7.5 6.9 4.4 7.4 4.5 14 9.3 6.4
4.1 16.9 3.6 13.5 6.5 10.2 4.5 6.6 7 0 14.2 9.7 0.5 6.5 4.4 6.6 14.4 3.8 2.9
16.7 24 15.9 17.3 17.5 15.6 17 12.9 10.5 14.2 0 14.5 14.6 12 16.1 12.6 18.3 17.1 14.2
12 10.6 7.4 4.8 10.1 1.6 15.1 4 7.5 9.7 14.5 0 9.1 4.4 6.3 3.9 6.2 12.3 9.6
2.8 16.8 3.4 13.3 6.4 10.1 3.2 6.3 6.9 0.5 14.6 9.1 0 6.9 3.8 6.6 13.9 4.4 3.6
9 13.8 6 10.2 7.4 5.5 9.4 1.9 4.4 6.5 12 4.4 6.9 0 4.3 2.1 10.5 9.8 6.2
6.6 13.6 0.9 13.3 2.7 7.3 7 4 7.4 4.4 16.1 6.3 3.8 4.3 0 4.1 11.9 7.4 6.5
9.4 12 4.8 9.8 6.4 4.9 9.7 0.9 4.5 6.6 12.6 3.9 6.6 2.1 4.1 0 8.5 13.1 6.9
23.3 8.9 12.1 2.1 12.4 4.3 18.7 11.2 14 14.4 18.3 6.2 13.9 10.5 11.9 8.5 0 19 17.5
1.1 21 6.7 21.8 9.1 15.9 1 8.8 9.3 3.8 17.1 12.3 4.4 9.8 7.4 13.1 19 0 3.9
3.5 17.7 5.8 17.2 8.7 10.6 4 5.9 6.4 2.9 14.2 9.6 3.6 6.2 6.5 6.9 17.5 3.9 0